* csi calibration file AsyEos
* ntel    a       b
80	0.4897	-21.829
81	0.4632	-49.668
82	0.4993	-51.607
83	0.5149	-66.979
84	0.5023	-43.185
85	0.5028	-67.215
86	0.4829	-52.941
87	0.4936	-54.709
88	0.4663	-57.361
89	0.5330	-56.247
90	0.4955	-43.004
91	0.5046	-77.861
92	1.000	1.000
93	0.9007	149.510
94	0.5309	-55.292
95      0.5260  -74.978
96	0.4581	-63.040
97	1.0000	1.000
98	0.5962	-64.784
99	0.4887	-50.601
100	0.4836	-70.517
101	0.4271	-38.280
102	0.5210	-61.242
103	0.4548	-54.461
104	1.0000	1.000
105	0.5028	-72.538
106	0	0
107	0.4489	-46.087
108	1.2268	140.350
109	0.5266	-74.256
110	0.5526	-59.207
111	0.4731	-56.637
112	0.6368	-106.240
113	0.5642	-54.358
114	0.5706	-63.359
115	0.5555	-70.008
116	0.5853	-74.677
117	0.6363	-91.066
118	0.5030	-70.967
119	0.5618	-71.831
120	0.5543	-52.372
121	0.6113	-65.123
122	0.5104	-58.638
123	0.6033	-86.951
124	1.0000	1.000
125	0.7730	196.440
126	0.5090	-62.683
127	0.6161	-105.740
128	0.6242	-87.073
129	0.0836	170.400
130	0.4706	-65.409
131	0.6378	-87.752
132	0.5799	-82.871
133	1.0000	1.000
134	0.6163	-84.045
135	0.4997	-55.772
136	0.5798	-67.338
137	0.5655	-60.100
138	0.6107	-97.903
139	0.5872	-81.319
140	0.6049	-90.299
141	0.5983	-88.027
142	0.5587	-60.986
143	0.6203	-72.056
144	0.5901	-75.519
145	1.0000	1.000
146	0.6207	-71.105
147	0.6738	-97.056
148	1.0000	1.000
149	0.7378	-78.999
150	0.4523	-27.007
151	0.4981	-48.074
152	0.5651	-74.355
153	0.5751	-91.464
154	0.4663	-58.619
155	1.0000	1.000
156	0.4834	-60.329
157	0.5731	-65.997
158	1.0000	1.000
159	0.4769	-52.971
160	0.4362	-57.751
161	0.5628	-50.435
162	1.0000	1.000
163	0.4907	-44.660
164	0.5442	-73.834
165	0.4717	-53.607
166	0.5018	-38.479
167	1.0000	1.000
168	0.5333	-66.766
169	0.4640	-83.678
170	0.5072	-87.630
171	0.4804	-48.257
172	0.4837	-57.234
173	0.5413	-61.037
174	0.6165	-82.011
175	0.5244	-72.978
176	0.9081	-115.560
177	0.6853	-92.701
178	0.5223	-56.178
179	0.7725	-116.580
180	1.0000	1.000
181	0.4788	-53.291
182	0.6636	-92.546
183	0.5345	-64.565
184	0.8332	-86.394
185	0.4727	167.280
186	0.8898	-116.000
187	0.6183	-60.110
188	1.0000	1.000
189	0.7115	-82.715
190	0.5563	-68.152
191	0.9220	-111.970
192	0.6944	-97.087	
193	0.5722	-68.302
194	0.5673	-73.959
195	1.0000	1.000
196	0.5379	-60.585
197	0.7199	-86.995
198	0.9201	140.770
199	0.6690	-89.179
200	0.5514	-64.218
201	1.0000	1.000
202	1.0970	-158.760
203	0.6722	-76.931
204	0.6588	-75.330
205	0.6192	-56.842
206	0.5304	-51.507
207	1.0000	1.000
208	0.5675	-87.690
209	0.5129	-78.305
210	0.5660	-84.779
211	0.8024	-129.320
212	0.5793	-96.777
213	0.4283	-52.789
214	0.5511	-93.701
215	0.5713	-80.092
216	1.2421	-221.690
217	0.6291	-87.757
218	0.5926	-84.558
219	0.7032	-134.640
220	1.0000	1.000
221	0.7594	-105.420
222	0.6395	-88.074
223	0.6180	-92.310
224	0.4620	-40.798
225	0.5423	-54.727
226	0.3697	-33.507
227	0.3533	-36.473
228	0.4110	-54.85
229	1.0000	1.000
230	0.3595	-28.397
231	0.3736	-22.617
232	0.4056	-40.158
233	0.4342	-41.610
234	0.75	-74.96
235	0.3809	-64.676
236	1.0000	  1.000
237	0.3425	-33.748
238	0.3496	-40.571
239	0.3498	-41.468
240     0.0000    0.000 		
241	1.0000	  1.000
242	0.3904	-27.821
243	0.3444	-32.684
244	0.3923	-36.096
245	0.3417	-38.424
246	0.3581	-25.237
247	0.3368	-20.215
248	0.37	-20.5
249	0.3679	-31.848
250	1.0000	1.000
251	0.3586	-36.616
252	0.3437	-45.720
253	0.0000    0.000	
254	0.4381	-49.278
255	0.3859	-39.025
256	0.3927	-54.380
257	0.3769	-40.418
258	0.4262	-47.602
259	0.4478	-49.260
260	1.0000	  1.000
261     0.7989	-117.110
262	0.4335	-50.861
263	0.5340	-47.110
264	0.5365	-84.002
265	0.4091	-34.125
266	0.3880	-27.135
267	0.3730	-1.998
268	0.3867	-46.046
269	0.4094  -38.431	
270	1.0000	1.000
271	0.4489	-71.024
272	0.4444	-70.242
273	0.4365	-66.600
274	1.0000	1.000
275	0.4250	-55.322
276	1.0000	1.000
277	0.4539	-62.000
278	0.4262	-57.340
279	0.4143	-64.941
280	0.4375	-58.8340
281	1.0000	1.000
282	0.0     0.0	
283	0.4409	-34.1900
284	0.4362	-56.109
285	0.4256	-50.626
286	0.5252	-68.278
287	0.4180	-45.964
288	0.4247	-42.580
289	0.4628	-54.6700
290	1.0000	1.000
291	0.3963	-41.381
292	0.4134	-39.1690
293	0.4264	-49.8700
294	0.4014	-26.2030
295	0.3879	-29.1650
296	0.4216	-41.4660
297	0.3886	-25.742
298	0.4935	-56.079
299	0.3523	-10.212
300	1.0000	1.000
301	0.7333	-79.967
302	0.3882	-31.917
303	1.0000	1.000
304	0.7909	-90.6340
305	0.6856	-80.5930
306	0.5679	-50.5710
307	0.5955	-68.0790
308	0.5472	-48.9790
309	0.5777	-73.7790
310	0.5790	-52.3480
311	0.5711	-59.6410
312	0.5087	-31.1290
313	0.0000	0.0000
314	0.5986	-64.2420
315	0.5124	-37.7990
316	0.5369	-48.9400
317	0.7824	-78.9030
318	0.0000	0.0000
319	0.5432	-87.8920
320	0.5524	-67.0380
321	0.5433	-46.5490
322	0.6192	-56.9050
323	0.5294	-55.5030
324	0.4371	-46.1070
325	0.5916	-54.773
326	0.5395	-72.684
327	0.5360	-67.6510
328	0.6283	-85.9470
329	0.6119	-75.7540
330	0.5030	-52.3350
331	0.4385	-32.8360
332	0.6370	-111.8150
333	0.5590	-51.8040
334	0.5311	-43.1610
335	0.6028	-66.0240
336	0.5770	-69.7380
337	0.5163	-38.5100
338	0.4499	-33.3600
339	0.0000	0.0000
340	0.7374	-83.8470
341	0.5022	-63.2960
342	0.5400	-63.9740
343	0.5225	-47.7680
344	0.6063	-64.0880
345	0.5609	-55.4010
346	0.5236	-50.1790
347	0.5820	-71.9760
348	0.4748	-29.7180
349	0.5580	-53.0190
350	0.5679	-52.4690
351	0.6802	-95.2820
352	1.3691	-198.4118
353	0.7896	-102.4200
354	0.8458	-115.3100
355	0.7675	-83.9900
356	0.8604	-96.8590
357	0.9833	-114.3800
358	0.7437	-86.4990
359	0.7362	-94.1990
360	0.7120	-103.2700
361	-1.0000	-1.0000
362	0.7412	-93.5540
363	0.6979	-74.5812
364	0.7359	-108.8700
365	0.5426	-50.0220
366	0.8335	-128.3900
367	0.7656	-102.3200
368	0.7481	-83.6210
369	0.7404	-104.5800
370	0.5026	-42.8470
371	0.6504	-81.2760
372	0.6834	-95.3550
373	0.4756	-26.979
374	0.6501	-88.1740
375	0.6751	-60.288
376	0.7226	-82.2920
377	0.7219	-99.9850
378	0.7424	-82.4700
379	0.5999	-43.0740
380	0.7981	-103.4000
381	0.6878	-70.3950
382	0.7196	-83.5970
383	0.6810	-63.5140
384	0.5970	-81.3770
385	-1.0000	-1.0000
386	0.6752	-95.6590
387	-1.0000	-1.0000
388	0.5620	-57.7180
389	0.6944	-87.0740
390	0.6767	-87.0910
391	0.6560	-72.9540
392	-1.0000	-1.0000
393	0.6475	-63.6440
394	0.6019	-63.9710
395	0.7654	-101.0400
396	0.7201	-83.7820
397	0.7881	-97.2110
398	0.7588	-83.0940
399	0.8107	-100.0700
400	0.7211	-153.27
401	0.3984	-62.639
402	0.5282	-101.75
403	0.7285	-143.08
404	0.4262	-74.236
405	0.474	-82.655
406	0.5137	-89.445
407	0.4295	-75.96
408	0.4347	-60.811
409	0.5411	-82.833
410	0.7191	-160.97
411	0.4602	-83.966
412	-1.000	-1.000
413	0.3998	-59.376
414	0.4045	-92.596
415	0.3684	-46.761
416	-1.000	-1.000
417	0.5942	-118.62
418	0.5998	-110.74
419	0.4259	-80.778
420	0.52	-102.64
421	0.6401	-145.2
422	0.3521	-56.733
423	0.4047	-67.86
424	-1.000	-1.000
425	0.5757	-93.207
426	0.6874	-122.72
427	0.4681	-91.476
428	0.6699	-146.47
429	0.3823	-45.838
430	0.5268	-98.814
431	0.389	-66.222
432	0.4999	-88.226
433	0.8979	-97.487
434	0.5224	-103.38
435	0.7951	-177.09
436	-1.000	-1.000
437	0.7854	-148.27
438	0.8399	-173.19
439	0.8252	-159.12
440	0.403	-64.02
441	0.5871	-117.37
442	0.6292	-89.049
443	0.4149	-69.074
444	0.4182	-72.918
445	0.8604	-183.08
446	0.8579	-156.42
447	0.6765	-143.3
448	0.5455	-91.462
449	0.8728	-161.03
450	0.8742	-193.76
451	-1.000	-1.000
452	0.8725	-194.24
453	0.8753	-186.91
454	0.876	-160.79
455	0.491	-94.052
456	0.4409	-70.975
457	0.7983	-180.23
458	0.8439	-181.88
459	0.8463	-191.51
460	1.6512	-332
461	0.8245	-161.27
462	0.4371	-41.083
463	0.6499	-150.72
464	0.9054	-188.22
465	0.8486	-174.5
466	0.769	-131.51
467	0.5156	-92.498
468	0.759	-118.58
469	0.6842	-126.87
470	0.7779	-170.15
471	0.6221	-118.03
472	0.621	-129.45
473	0.7114	-156.12
474	0.7581	-149.04
475	0.887	-193.78
476	0.5709	-111.71
477	0.5578	-90.169
478	0.8349	-166.26
479	0.6268	-134.89
480	0.3876	-51.893
481	0.3755	-53.971
482	0.4119	-75.153
483	0.5672	-98.573
484	-1.000	-1.000
485	0.3904	-67.547
486	0.4914	-67.279
487	-1.000	-1.000
488	-1.000	-1.000
489	0.6981	-139.97
490	0.7654	-138.51
491	0.4278	-46.193
492	0.8164	-156.24
493	0.4178	-72.775
494	0.9918	-192.07
495	1.0249	-195.49
